word	positive	negative	neutral
$:	0.07692307692307693	0.3076923076923077	0.6153846153846154
%)	0.15384615384615385	0.15384615384615385	0.6923076923076923
%-)	0.15384615384615385	0.6153846153846154	0.23076923076923078
&-:	0.23076923076923078	0.15384615384615385	0.6153846153846154
&:	0.07692307692307693	0.07692307692307693	0.8461538461538461
( '}{' )	0.46153846153846156	0.07692307692307693	0.46153846153846156
(%	0.07692307692307693	0.3076923076923077	0.6153846153846154
('-:	0.5384615384615384	0.07692307692307693	0.38461538461538464
(':	0.6923076923076923	0.07692307692307693	0.23076923076923078
((-:	0.7692307692307693	0.07692307692307693	0.15384615384615385
(*	0.46153846153846156	0.07692307692307693	0.46153846153846156
(-%	0.15384615384615385	0.23076923076923078	0.6153846153846154
(-*	0.38461538461538464	0.07692307692307693	0.5384615384615384
(-:	0.38461538461538464	0.07692307692307693	0.5384615384615384
(-:0	0.7692307692307693	0.07692307692307693	0.15384615384615385
(-:<	0.3076923076923077	0.3076923076923077	0.38461538461538464
(-:o	0.38461538461538464	0.07692307692307693	0.5384615384615384
(-:O	0.38461538461538464	0.07692307692307693	0.5384615384615384
(-:{	0.15384615384615385	0.3076923076923077	0.5384615384615384
(-:|>*	0.6923076923076923	0.07692307692307693	0.23076923076923078
(-;	0.38461538461538464	0.07692307692307693	0.5384615384615384
(-;|	0.5384615384615384	0.07692307692307693	0.38461538461538464
(8	0.6923076923076923	0.07692307692307693	0.23076923076923078
(:	0.5384615384615384	0.07692307692307693	0.38461538461538464
(:0	0.6923076923076923	0.07692307692307693	0.23076923076923078
(:<	0.23076923076923078	0.3076923076923077	0.46153846153846156
(:o	0.6923076923076923	0.07692307692307693	0.23076923076923078
(:O	0.6923076923076923	0.07692307692307693	0.23076923076923078
(;	0.38461538461538464	0.07692307692307693	0.5384615384615384
(;<	0.15384615384615385	0.07692307692307693	0.7692307692307693
(=	0.5384615384615384	0.07692307692307693	0.38461538461538464
(?:	0.6923076923076923	0.07692307692307693	0.23076923076923078
(^:	0.38461538461538464	0.07692307692307693	0.5384615384615384
(^;	0.46153846153846156	0.07692307692307693	0.46153846153846156
(^;0	0.6923076923076923	0.07692307692307693	0.23076923076923078
(^;o	0.6153846153846154	0.07692307692307693	0.3076923076923077
(o:	0.38461538461538464	0.07692307692307693	0.5384615384615384
)':	0.07692307692307693	0.7692307692307693	0.15384615384615385
)-':	0.07692307692307693	0.7692307692307693	0.15384615384615385
)-:	0.07692307692307693	0.6153846153846154	0.3076923076923077
)-:<	0.07692307692307693	0.8461538461538461	0.07692307692307693
)-:{	0.07692307692307693	0.6153846153846154	0.3076923076923077
):	0.07692307692307693	0.46153846153846156	0.46153846153846156
):<	0.07692307692307693	0.6923076923076923	0.23076923076923078
):{	0.07692307692307693	0.7692307692307693	0.15384615384615385
);<	0.07692307692307693	0.8461538461538461	0.07692307692307693
*)	0.23076923076923078	0.15384615384615385	0.6153846153846154
*-)	0.23076923076923078	0.23076923076923078	0.5384615384615384
*-:	0.6153846153846154	0.07692307692307693	0.3076923076923077
*-;	0.6153846153846154	0.07692307692307693	0.3076923076923077
*:	0.46153846153846156	0.07692307692307693	0.46153846153846156
*<|:-)	0.38461538461538464	0.07692307692307693	0.5384615384615384
*\0/*	0.6923076923076923	0.07692307692307693	0.23076923076923078
*^:	0.6153846153846154	0.07692307692307693	0.3076923076923077
,-:	0.23076923076923078	0.07692307692307693	0.6923076923076923
---'-;-{@	0.6923076923076923	0.07692307692307693	0.23076923076923078
--<--<@	0.6153846153846154	0.07692307692307693	0.3076923076923077
.-:	0.07692307692307693	0.23076923076923078	0.6923076923076923
..###-:	0.07692307692307693	0.46153846153846156	0.46153846153846156
..###:	0.07692307692307693	0.46153846153846156	0.46153846153846156
/-:	0.07692307692307693	0.23076923076923078	0.6923076923076923
/:	0.07692307692307693	0.3076923076923077	0.6153846153846154
/:<	0.07692307692307693	0.38461538461538464	0.5384615384615384
/=	0.07692307692307693	0.15384615384615385	0.7692307692307693
/^:	0.07692307692307693	0.23076923076923078	0.6923076923076923
/o:	0.07692307692307693	0.46153846153846156	0.46153846153846156
0-8	0.3076923076923077	0.23076923076923078	0.46153846153846156
0-|	0.07692307692307693	0.23076923076923078	0.6923076923076923
0:)	0.6153846153846154	0.07692307692307693	0.3076923076923077
0:-)	0.46153846153846156	0.07692307692307693	0.46153846153846156
0:-3	0.5384615384615384	0.07692307692307693	0.38461538461538464
0:03	0.6153846153846154	0.07692307692307693	0.3076923076923077
0;^)	0.46153846153846156	0.07692307692307693	0.46153846153846156
0_o	0.07692307692307693	0.15384615384615385	0.7692307692307693
10q	0.46153846153846156	0.07692307692307693	0.46153846153846156
1337	0.6153846153846154	0.07692307692307693	0.3076923076923077
143	0.8461538461538461	0.07692307692307693	0.07692307692307693
1432	0.8461538461538461	0.07692307692307693	0.07692307692307693
14aa41	0.7692307692307693	0.07692307692307693	0.15384615384615385
182	0.07692307692307693	0.6923076923076923	0.23076923076923078
187	0.07692307692307693	0.7692307692307693	0.15384615384615385
2g2b4g	0.8461538461538461	0.07692307692307693	0.07692307692307693
2g2bt	0.23076923076923078	0.23076923076923078	0.5384615384615384
2qt	0.6153846153846154	0.07692307692307693	0.3076923076923077
3:(	0.07692307692307693	0.6923076923076923	0.23076923076923078
3:)	0.15384615384615385	0.23076923076923078	0.6153846153846154
3:-(	0.07692307692307693	0.7692307692307693	0.15384615384615385
3:-)	0.07692307692307693	0.5384615384615384	0.38461538461538464
4col	0.07692307692307693	0.5384615384615384	0.38461538461538464
4q	0.07692307692307693	0.7692307692307693	0.15384615384615385
5fs	0.46153846153846156	0.07692307692307693	0.46153846153846156
8)	0.6153846153846154	0.07692307692307693	0.3076923076923077
8-d	0.6923076923076923	0.07692307692307693	0.23076923076923078
8-o	0.07692307692307693	0.15384615384615385	0.7692307692307693
86	0.07692307692307693	0.3076923076923077	0.6153846153846154
8d	0.8461538461538461	0.07692307692307693	0.07692307692307693
:###..	0.07692307692307693	0.6923076923076923	0.23076923076923078
:$	0.15384615384615385	0.23076923076923078	0.6153846153846154
:&	0.07692307692307693	0.23076923076923078	0.6923076923076923
:'(	0.07692307692307693	0.7692307692307693	0.15384615384615385
:')	0.7692307692307693	0.07692307692307693	0.15384615384615385
:'-(	0.07692307692307693	0.7692307692307693	0.15384615384615385
:'-)	0.7692307692307693	0.07692307692307693	0.15384615384615385
:(	0.07692307692307693	0.5384615384615384	0.38461538461538464
:)	0.46153846153846156	0.07692307692307693	0.46153846153846156
:*	0.6923076923076923	0.07692307692307693	0.23076923076923078
:-###..	0.07692307692307693	0.6923076923076923	0.23076923076923078
:-&	0.15384615384615385	0.07692307692307693	0.7692307692307693
:-(	0.07692307692307693	0.46153846153846156	0.46153846153846156
:-)	0.3076923076923077	0.07692307692307693	0.6153846153846154
:-))	0.7692307692307693	0.07692307692307693	0.15384615384615385
:-*	0.5384615384615384	0.07692307692307693	0.38461538461538464
:-,	0.23076923076923078	0.07692307692307693	0.6923076923076923
:-.	0.07692307692307693	0.15384615384615385	0.7692307692307693
:-/	0.07692307692307693	0.3076923076923077	0.6153846153846154
:-<	0.07692307692307693	0.46153846153846156	0.46153846153846156
:-d	0.8461538461538461	0.07692307692307693	0.07692307692307693
:-D	0.8461538461538461	0.07692307692307693	0.07692307692307693
:-o	0.23076923076923078	0.15384615384615385	0.6153846153846154
:-p	0.23076923076923078	0.07692307692307693	0.6923076923076923
:-[	0.07692307692307693	0.5384615384615384	0.38461538461538464
:-\	0.07692307692307693	0.07692307692307693	0.8461538461538461
:-c	0.07692307692307693	0.3076923076923077	0.6153846153846154
:-p	0.46153846153846156	0.07692307692307693	0.46153846153846156
:-|	0.07692307692307693	0.15384615384615385	0.7692307692307693
:-||	0.07692307692307693	0.8461538461538461	0.07692307692307693
:-Þ	0.3076923076923077	0.07692307692307693	0.6153846153846154
:/	0.07692307692307693	0.3076923076923077	0.6153846153846154
:3	0.5384615384615384	0.07692307692307693	0.38461538461538464
:<	0.07692307692307693	0.6923076923076923	0.23076923076923078
:>	0.46153846153846156	0.07692307692307693	0.46153846153846156
:?)	0.23076923076923078	0.07692307692307693	0.6923076923076923
:?c	0.07692307692307693	0.5384615384615384	0.38461538461538464
:@	0.07692307692307693	0.6923076923076923	0.23076923076923078
:d	0.6153846153846154	0.07692307692307693	0.3076923076923077
:D	0.6153846153846154	0.07692307692307693	0.3076923076923077
:l	0.07692307692307693	0.38461538461538464	0.5384615384615384
:o	0.15384615384615385	0.23076923076923078	0.6153846153846154
:p	0.23076923076923078	0.07692307692307693	0.6923076923076923
:s	0.07692307692307693	0.3076923076923077	0.6153846153846154
:[	0.07692307692307693	0.6923076923076923	0.23076923076923078
:\	0.07692307692307693	0.3076923076923077	0.6153846153846154
:]	0.5384615384615384	0.07692307692307693	0.38461538461538464
:^)	0.5384615384615384	0.07692307692307693	0.38461538461538464
:^*	0.7692307692307693	0.07692307692307693	0.15384615384615385
:^/	0.07692307692307693	0.3076923076923077	0.6153846153846154
:^\	0.07692307692307693	0.15384615384615385	0.7692307692307693
:^|	0.07692307692307693	0.07692307692307693	0.8461538461538461
:c	0.07692307692307693	0.6153846153846154	0.3076923076923077
:c)	0.46153846153846156	0.07692307692307693	0.46153846153846156
:o)	0.5384615384615384	0.07692307692307693	0.38461538461538464
:o/	0.07692307692307693	0.38461538461538464	0.5384615384615384
:o\	0.07692307692307693	0.15384615384615385	0.7692307692307693
:o|	0.07692307692307693	0.23076923076923078	0.6923076923076923
:P	0.38461538461538464	0.07692307692307693	0.5384615384615384
:{	0.07692307692307693	0.5384615384615384	0.38461538461538464
:|	0.15384615384615385	0.15384615384615385	0.6923076923076923
:}	0.46153846153846156	0.07692307692307693	0.46153846153846156
:Þ	0.23076923076923078	0.07692307692307693	0.6923076923076923
;)	0.3076923076923077	0.07692307692307693	0.6153846153846154
;-)	0.38461538461538464	0.23076923076923078	0.38461538461538464
;-*	0.7692307692307693	0.07692307692307693	0.15384615384615385
;-]	0.38461538461538464	0.23076923076923078	0.38461538461538464
;d	0.3076923076923077	0.15384615384615385	0.5384615384615384
;D	0.3076923076923077	0.15384615384615385	0.5384615384615384
;]	0.15384615384615385	0.15384615384615385	0.6923076923076923
;^)	0.5384615384615384	0.07692307692307693	0.38461538461538464
</3	0.07692307692307693	0.7692307692307693	0.15384615384615385
<3	0.5384615384615384	0.07692307692307693	0.38461538461538464
<:	0.5384615384615384	0.07692307692307693	0.38461538461538464
<:-|	0.07692307692307693	0.3076923076923077	0.6153846153846154
=)	0.5384615384615384	0.07692307692307693	0.38461538461538464
=-3	0.6923076923076923	0.07692307692307693	0.23076923076923078
=-d	0.7692307692307693	0.07692307692307693	0.15384615384615385
=-D	0.7692307692307693	0.07692307692307693	0.15384615384615385
=/	0.07692307692307693	0.23076923076923078	0.6923076923076923
=3	0.6923076923076923	0.07692307692307693	0.23076923076923078
=d	0.8461538461538461	0.07692307692307693	0.07692307692307693
=D	0.8461538461538461	0.07692307692307693	0.07692307692307693
=l	0.07692307692307693	0.3076923076923077	0.6153846153846154
=\	0.07692307692307693	0.3076923076923077	0.6153846153846154
=]	0.38461538461538464	0.07692307692307693	0.5384615384615384
=p	0.46153846153846156	0.07692307692307693	0.46153846153846156
=|	0.07692307692307693	0.23076923076923078	0.6923076923076923
>-:	0.07692307692307693	0.6153846153846154	0.3076923076923077
>.<	0.07692307692307693	0.3076923076923077	0.6153846153846154
>:	0.07692307692307693	0.5384615384615384	0.38461538461538464
>:(	0.07692307692307693	0.8461538461538461	0.07692307692307693
>:)	0.23076923076923078	0.23076923076923078	0.5384615384615384
>:-(	0.07692307692307693	0.8461538461538461	0.07692307692307693
>:-)	0.23076923076923078	0.3076923076923077	0.46153846153846156
>:/	0.07692307692307693	0.38461538461538464	0.5384615384615384
>:o	0.07692307692307693	0.46153846153846156	0.46153846153846156
>:p	0.23076923076923078	0.07692307692307693	0.6923076923076923
>:[	0.07692307692307693	0.7692307692307693	0.15384615384615385
>:\	0.07692307692307693	0.5384615384615384	0.38461538461538464
>;(	0.07692307692307693	0.8461538461538461	0.07692307692307693
>;)	0.15384615384615385	0.07692307692307693	0.7692307692307693
>_>^	0.6153846153846154	0.07692307692307693	0.3076923076923077
@:	0.07692307692307693	0.6153846153846154	0.3076923076923077
@>-->--	0.6153846153846154	0.07692307692307693	0.3076923076923077
@}-;-'---	0.5384615384615384	0.07692307692307693	0.38461538461538464
aas	0.7692307692307693	0.07692307692307693	0.15384615384615385
aayf	0.8461538461538461	0.07692307692307693	0.07692307692307693
afu	0.07692307692307693	0.7692307692307693	0.15384615384615385
alol	0.8461538461538461	0.07692307692307693	0.07692307692307693
ambw	0.8461538461538461	0.07692307692307693	0.07692307692307693
aml	0.8461538461538461	0.07692307692307693	0.07692307692307693
atab	0.07692307692307693	0.5384615384615384	0.38461538461538464
awol	0.07692307692307693	0.3076923076923077	0.6153846153846154
ayc	0.15384615384615385	0.07692307692307693	0.7692307692307693
ayor	0.07692307692307693	0.3076923076923077	0.6153846153846154
aug-00	0.23076923076923078	0.15384615384615385	0.6153846153846154
bfd	0.07692307692307693	0.8461538461538461	0.07692307692307693
bfe	0.07692307692307693	0.7692307692307693	0.15384615384615385
bff	0.8461538461538461	0.07692307692307693	0.07692307692307693
bffn	0.3076923076923077	0.07692307692307693	0.6153846153846154
bl	0.6153846153846154	0.07692307692307693	0.3076923076923077
bsod	0.07692307692307693	0.6923076923076923	0.23076923076923078
btd	0.07692307692307693	0.6153846153846154	0.3076923076923077
btdt	0.15384615384615385	0.07692307692307693	0.7692307692307693
bz	0.15384615384615385	0.07692307692307693	0.7692307692307693
b^d	0.7692307692307693	0.07692307692307693	0.15384615384615385
cwot	0.07692307692307693	0.8461538461538461	0.07692307692307693
d-':	0.07692307692307693	0.8461538461538461	0.07692307692307693
d8	0.07692307692307693	0.8461538461538461	0.07692307692307693
d:	0.07692307692307693	0.7692307692307693	0.15384615384615385
d:<	0.07692307692307693	0.7692307692307693	0.15384615384615385
d;	0.07692307692307693	0.7692307692307693	0.15384615384615385
d=	0.07692307692307693	0.7692307692307693	0.15384615384615385
doa	0.07692307692307693	0.7692307692307693	0.15384615384615385
dx	0.07692307692307693	0.8461538461538461	0.07692307692307693
ez	0.38461538461538464	0.07692307692307693	0.5384615384615384
fav	0.6923076923076923	0.07692307692307693	0.23076923076923078
fcol	0.07692307692307693	0.5384615384615384	0.38461538461538464
ff	0.5384615384615384	0.07692307692307693	0.38461538461538464
ffs	0.07692307692307693	0.7692307692307693	0.15384615384615385
fkm	0.07692307692307693	0.6153846153846154	0.3076923076923077
foaf	0.46153846153846156	0.07692307692307693	0.46153846153846156
ftw	0.6153846153846154	0.07692307692307693	0.3076923076923077
fu	0.07692307692307693	0.8461538461538461	0.07692307692307693
fubar	0.07692307692307693	0.7692307692307693	0.15384615384615385
fwb	0.6153846153846154	0.07692307692307693	0.3076923076923077
fyi	0.23076923076923078	0.07692307692307693	0.6923076923076923
fysa	0.15384615384615385	0.07692307692307693	0.7692307692307693
g1	0.38461538461538464	0.07692307692307693	0.5384615384615384
gg	0.38461538461538464	0.07692307692307693	0.5384615384615384
gga	0.6153846153846154	0.07692307692307693	0.3076923076923077
gigo	0.07692307692307693	0.3076923076923077	0.6153846153846154
gj	0.5384615384615384	0.07692307692307693	0.38461538461538464
gl	0.23076923076923078	0.07692307692307693	0.6923076923076923
gla	0.7692307692307693	0.07692307692307693	0.15384615384615385
gn	0.23076923076923078	0.07692307692307693	0.6923076923076923
gr8	0.7692307692307693	0.07692307692307693	0.15384615384615385
grrr	0.15384615384615385	0.23076923076923078	0.6153846153846154
gt	0.23076923076923078	0.07692307692307693	0.6923076923076923
h&k	0.7692307692307693	0.07692307692307693	0.15384615384615385
hagd	0.6923076923076923	0.07692307692307693	0.23076923076923078
hagn	0.6923076923076923	0.07692307692307693	0.23076923076923078
hago	0.23076923076923078	0.07692307692307693	0.6923076923076923
hak	0.6153846153846154	0.07692307692307693	0.3076923076923077
hand	0.6923076923076923	0.07692307692307693	0.23076923076923078
hho1/2k	0.38461538461538464	0.07692307692307693	0.5384615384615384
hhoj	0.5384615384615384	0.07692307692307693	0.38461538461538464
hhok	0.3076923076923077	0.07692307692307693	0.6153846153846154
hugz	0.6153846153846154	0.07692307692307693	0.3076923076923077
hi5	0.6923076923076923	0.07692307692307693	0.23076923076923078
idk	0.07692307692307693	0.15384615384615385	0.7692307692307693
ijs	0.3076923076923077	0.07692307692307693	0.6153846153846154
ilu	0.8461538461538461	0.07692307692307693	0.07692307692307693
iluaaf	0.7692307692307693	0.07692307692307693	0.15384615384615385
ily	0.8461538461538461	0.07692307692307693	0.07692307692307693
ily2	0.8461538461538461	0.07692307692307693	0.07692307692307693
iou	0.23076923076923078	0.07692307692307693	0.6923076923076923
iyq	0.5384615384615384	0.07692307692307693	0.38461538461538464
j/j	0.38461538461538464	0.07692307692307693	0.5384615384615384
j/k	0.46153846153846156	0.07692307692307693	0.46153846153846156
j/p	0.46153846153846156	0.07692307692307693	0.46153846153846156
j/t	0.15384615384615385	0.3076923076923077	0.5384615384615384
j/w	0.3076923076923077	0.07692307692307693	0.6153846153846154
j4f	0.38461538461538464	0.07692307692307693	0.5384615384615384
j4g	0.38461538461538464	0.07692307692307693	0.5384615384615384
jho	0.07692307692307693	0.07692307692307693	0.8461538461538461
jhomf	0.23076923076923078	0.07692307692307693	0.6923076923076923
jj	0.23076923076923078	0.07692307692307693	0.6923076923076923
jk	0.23076923076923078	0.07692307692307693	0.6923076923076923
jp	0.23076923076923078	0.07692307692307693	0.6923076923076923
jt	0.3076923076923077	0.07692307692307693	0.6153846153846154
jw	0.46153846153846156	0.07692307692307693	0.46153846153846156
jealz	0.07692307692307693	0.3076923076923077	0.6153846153846154
k4y	0.6923076923076923	0.07692307692307693	0.23076923076923078
kfy	0.7692307692307693	0.07692307692307693	0.15384615384615385
kia	0.07692307692307693	0.8461538461538461	0.07692307692307693
kk	0.46153846153846156	0.07692307692307693	0.46153846153846156
kmuf	0.6923076923076923	0.07692307692307693	0.23076923076923078
l	0.6153846153846154	0.07692307692307693	0.3076923076923077
l&r	0.6923076923076923	0.07692307692307693	0.23076923076923078
laoj	0.38461538461538464	0.15384615384615385	0.46153846153846156
lmao	0.6153846153846154	0.07692307692307693	0.3076923076923077
lmbao	0.6923076923076923	0.15384615384615385	0.15384615384615385
lmfao	0.7692307692307693	0.07692307692307693	0.15384615384615385
lmso	0.7692307692307693	0.07692307692307693	0.15384615384615385
lol	0.8461538461538461	0.07692307692307693	0.07692307692307693
lolz	0.8461538461538461	0.07692307692307693	0.07692307692307693
lts	0.46153846153846156	0.07692307692307693	0.46153846153846156
ly	0.7692307692307693	0.07692307692307693	0.15384615384615385
ly4e	0.7692307692307693	0.07692307692307693	0.15384615384615385
lya	0.8461538461538461	0.07692307692307693	0.07692307692307693
lyb	0.8461538461538461	0.07692307692307693	0.07692307692307693
lyl	0.8461538461538461	0.07692307692307693	0.07692307692307693
lylab	0.7692307692307693	0.07692307692307693	0.15384615384615385
lylas	0.7692307692307693	0.07692307692307693	0.15384615384615385
lylb	0.46153846153846156	0.15384615384615385	0.38461538461538464
m8	0.38461538461538464	0.07692307692307693	0.5384615384615384
mia	0.07692307692307693	0.23076923076923078	0.6923076923076923
mml	0.5384615384615384	0.07692307692307693	0.38461538461538464
mofo	0.15384615384615385	0.6923076923076923	0.15384615384615385
muah	0.7692307692307693	0.07692307692307693	0.15384615384615385
mubar	0.23076923076923078	0.6153846153846154	0.15384615384615385
musm	0.3076923076923077	0.15384615384615385	0.5384615384615384
mwah	0.8461538461538461	0.07692307692307693	0.07692307692307693
n1	0.46153846153846156	0.07692307692307693	0.46153846153846156
nbd	0.38461538461538464	0.07692307692307693	0.5384615384615384
nbif	0.07692307692307693	0.15384615384615385	0.7692307692307693
nfc	0.07692307692307693	0.7692307692307693	0.15384615384615385
nfw	0.07692307692307693	0.6923076923076923	0.23076923076923078
nh	0.7692307692307693	0.07692307692307693	0.15384615384615385
nimby	0.07692307692307693	0.15384615384615385	0.7692307692307693
nimjd	0.07692307692307693	0.23076923076923078	0.6923076923076923
nimq	0.07692307692307693	0.15384615384615385	0.7692307692307693
nimy	0.15384615384615385	0.46153846153846156	0.38461538461538464
nitl	0.07692307692307693	0.38461538461538464	0.5384615384615384
nme	0.07692307692307693	0.6153846153846154	0.3076923076923077
noyb	0.15384615384615385	0.3076923076923077	0.5384615384615384
np	0.3076923076923077	0.07692307692307693	0.6153846153846154
ntmu	0.46153846153846156	0.07692307692307693	0.46153846153846156
o-8	0.23076923076923078	0.38461538461538464	0.38461538461538464
o-:	0.15384615384615385	0.23076923076923078	0.6153846153846154
o-|	0.07692307692307693	0.23076923076923078	0.6923076923076923
o.o	0.07692307692307693	0.15384615384615385	0.7692307692307693
O.o	0.07692307692307693	0.15384615384615385	0.7692307692307693
o.O	0.07692307692307693	0.15384615384615385	0.7692307692307693
o:	0.07692307692307693	0.15384615384615385	0.7692307692307693
o:)	0.38461538461538464	0.07692307692307693	0.5384615384615384
o:-)	0.46153846153846156	0.07692307692307693	0.46153846153846156
o:-3	0.6153846153846154	0.07692307692307693	0.3076923076923077
o:3	0.7692307692307693	0.07692307692307693	0.15384615384615385
o:<	0.15384615384615385	0.15384615384615385	0.6923076923076923
o;^)	0.5384615384615384	0.07692307692307693	0.38461538461538464
ok	0.3076923076923077	0.07692307692307693	0.6153846153846154
o_o	0.07692307692307693	0.23076923076923078	0.6923076923076923
O_o	0.07692307692307693	0.23076923076923078	0.6923076923076923
o_O	0.07692307692307693	0.23076923076923078	0.6923076923076923
pita	0.07692307692307693	0.6153846153846154	0.3076923076923077
pls	0.07692307692307693	0.07692307692307693	0.8461538461538461
plz	0.07692307692307693	0.07692307692307693	0.8461538461538461
pmbi	0.3076923076923077	0.15384615384615385	0.5384615384615384
pmfji	0.15384615384615385	0.07692307692307693	0.7692307692307693
pmji	0.3076923076923077	0.07692307692307693	0.6153846153846154
po	0.07692307692307693	0.6923076923076923	0.23076923076923078
ptl	0.6923076923076923	0.07692307692307693	0.23076923076923078
pu	0.07692307692307693	0.3076923076923077	0.6153846153846154
qq	0.07692307692307693	0.7692307692307693	0.15384615384615385
qt	0.6153846153846154	0.07692307692307693	0.3076923076923077
r&r	0.6923076923076923	0.07692307692307693	0.23076923076923078
rofl	0.8461538461538461	0.07692307692307693	0.07692307692307693
roflmao	0.6923076923076923	0.07692307692307693	0.23076923076923078
rotfl	0.7692307692307693	0.07692307692307693	0.15384615384615385
rotflmao	0.6923076923076923	0.07692307692307693	0.23076923076923078
rotflmfao	0.6923076923076923	0.07692307692307693	0.23076923076923078
rotflol	0.7692307692307693	0.07692307692307693	0.15384615384615385
rotgl	0.8461538461538461	0.07692307692307693	0.07692307692307693
rotglmao	0.6153846153846154	0.15384615384615385	0.23076923076923078
s:	0.07692307692307693	0.3076923076923077	0.6153846153846154
sapfu	0.15384615384615385	0.46153846153846156	0.38461538461538464
sete	0.7692307692307693	0.07692307692307693	0.15384615384615385
sfete	0.8461538461538461	0.07692307692307693	0.07692307692307693
sgtm	0.6923076923076923	0.07692307692307693	0.23076923076923078
slap	0.3076923076923077	0.15384615384615385	0.5384615384615384
slaw	0.6923076923076923	0.07692307692307693	0.23076923076923078
smh	0.07692307692307693	0.38461538461538464	0.5384615384615384
snafu	0.07692307692307693	0.6923076923076923	0.23076923076923078
sob	0.07692307692307693	0.7692307692307693	0.15384615384615385
swak	0.6923076923076923	0.07692307692307693	0.23076923076923078
tgif	0.6923076923076923	0.07692307692307693	0.23076923076923078
thks	0.38461538461538464	0.07692307692307693	0.5384615384615384
thx	0.38461538461538464	0.07692307692307693	0.5384615384615384
tia	0.6923076923076923	0.07692307692307693	0.23076923076923078
tmi	0.23076923076923078	0.23076923076923078	0.5384615384615384
tnx	0.23076923076923078	0.07692307692307693	0.6923076923076923
true	0.38461538461538464	0.07692307692307693	0.5384615384615384
tx	0.38461538461538464	0.07692307692307693	0.5384615384615384
txs	0.3076923076923077	0.07692307692307693	0.6153846153846154
ty	0.46153846153846156	0.07692307692307693	0.46153846153846156
tyvm	0.6923076923076923	0.07692307692307693	0.23076923076923078
urw	0.46153846153846156	0.07692307692307693	0.46153846153846156
vbg	0.7692307692307693	0.15384615384615385	0.07692307692307693
vbs	0.8461538461538461	0.07692307692307693	0.07692307692307693
vip	0.6923076923076923	0.07692307692307693	0.23076923076923078
vwd	0.7692307692307693	0.07692307692307693	0.15384615384615385
vwp	0.6923076923076923	0.07692307692307693	0.23076923076923078
wag	0.07692307692307693	0.15384615384615385	0.7692307692307693
wd	0.6923076923076923	0.07692307692307693	0.23076923076923078
wilco	0.23076923076923078	0.07692307692307693	0.6923076923076923
wp	0.07692307692307693	0.07692307692307693	0.8461538461538461
wtf	0.07692307692307693	0.8461538461538461	0.07692307692307693
wtg	0.6923076923076923	0.07692307692307693	0.23076923076923078
wth	0.07692307692307693	0.8461538461538461	0.07692307692307693
x-d	0.7692307692307693	0.07692307692307693	0.15384615384615385
x-p	0.46153846153846156	0.07692307692307693	0.46153846153846156
xd	0.7692307692307693	0.07692307692307693	0.15384615384615385
xlnt	0.7692307692307693	0.07692307692307693	0.15384615384615385
xoxo	0.8461538461538461	0.07692307692307693	0.07692307692307693
xoxozzz	0.7692307692307693	0.07692307692307693	0.15384615384615385
xp	0.23076923076923078	0.07692307692307693	0.6923076923076923
xqzt	0.46153846153846156	0.07692307692307693	0.46153846153846156
xtc	0.38461538461538464	0.15384615384615385	0.46153846153846156
yolo	0.23076923076923078	0.07692307692307693	0.6923076923076923
yoyo	0.38461538461538464	0.15384615384615385	0.46153846153846156
yvw	0.5384615384615384	0.07692307692307693	0.38461538461538464
yw	0.38461538461538464	0.07692307692307693	0.5384615384615384
ywia	0.6153846153846154	0.07692307692307693	0.3076923076923077
zzz	0.07692307692307693	0.3076923076923077	0.6153846153846154
[-;	0.23076923076923078	0.15384615384615385	0.6153846153846154
[:	0.3076923076923077	0.07692307692307693	0.6153846153846154
[;	0.46153846153846156	0.15384615384615385	0.38461538461538464
[=	0.5384615384615384	0.07692307692307693	0.38461538461538464
\-:	0.15384615384615385	0.23076923076923078	0.6153846153846154
\:	0.07692307692307693	0.07692307692307693	0.8461538461538461
\:<	0.07692307692307693	0.5384615384615384	0.38461538461538464
\=	0.07692307692307693	0.15384615384615385	0.7692307692307693
\^:	0.07692307692307693	0.3076923076923077	0.6153846153846154
\o/	0.6923076923076923	0.07692307692307693	0.23076923076923078
\o:	0.07692307692307693	0.23076923076923078	0.6923076923076923
]-:	0.07692307692307693	0.7692307692307693	0.15384615384615385
]:	0.07692307692307693	0.46153846153846156	0.46153846153846156
]:<	0.07692307692307693	0.8461538461538461	0.07692307692307693
^<_<	0.38461538461538464	0.07692307692307693	0.5384615384615384
^urs	0.07692307692307693	0.8461538461538461	0.07692307692307693
abandon	0.07692307692307693	0.6923076923076923	0.23076923076923078
abandoned	0.07692307692307693	0.46153846153846156	0.46153846153846156
abandoner	0.07692307692307693	0.5384615384615384	0.38461538461538464
abandoners	0.07692307692307693	0.6923076923076923	0.23076923076923078
abandoning	0.07692307692307693	0.38461538461538464	0.5384615384615384
abandonment	0.07692307692307693	0.6923076923076923	0.23076923076923078
abandonments	0.07692307692307693	0.6153846153846154	0.3076923076923077
abandons	0.07692307692307693	0.46153846153846156	0.46153846153846156
abducted	0.07692307692307693	0.6153846153846154	0.3076923076923077
abduction	0.07692307692307693	0.7692307692307693	0.15384615384615385
abductions	0.07692307692307693	0.5384615384615384	0.38461538461538464
abhor	0.07692307692307693	0.5384615384615384	0.38461538461538464
abhorred	0.07692307692307693	0.6153846153846154	0.3076923076923077
abhorrent	0.07692307692307693	0.7692307692307693	0.15384615384615385
abhors	0.07692307692307693	0.6923076923076923	0.23076923076923078
abilities	0.23076923076923078	0.07692307692307693	0.6923076923076923
ability	0.38461538461538464	0.07692307692307693	0.5384615384615384
aboard	0.07692307692307693	0.07692307692307693	0.8461538461538461
absentee	0.07692307692307693	0.23076923076923078	0.6923076923076923
absentees	0.07692307692307693	0.15384615384615385	0.7692307692307693
absolve	0.5384615384615384	0.15384615384615385	0.3076923076923077
absolved	0.38461538461538464	0.07692307692307693	0.5384615384615384
absolves	0.3076923076923077	0.07692307692307693	0.6153846153846154
absolving	0.38461538461538464	0.07692307692307693	0.5384615384615384
abuse	0.07692307692307693	0.8461538461538461	0.07692307692307693
abused	0.07692307692307693	0.8461538461538461	0.07692307692307693
abuser	0.07692307692307693	0.8461538461538461	0.07692307692307693
abusers	0.07692307692307693	0.7692307692307693	0.15384615384615385
abuses	0.07692307692307693	0.7692307692307693	0.15384615384615385
abusing	0.07692307692307693	0.6153846153846154	0.3076923076923077
abusive	0.07692307692307693	0.8461538461538461	0.07692307692307693
abusively	0.07692307692307693	0.8461538461538461	0.07692307692307693
abusiveness	0.07692307692307693	0.7692307692307693	0.15384615384615385
abusivenesses	0.07692307692307693	0.8461538461538461	0.07692307692307693
accept	0.38461538461538464	0.07692307692307693	0.5384615384615384
acceptabilities	0.6153846153846154	0.07692307692307693	0.3076923076923077
acceptability	0.23076923076923078	0.07692307692307693	0.6923076923076923
acceptable	0.3076923076923077	0.07692307692307693	0.6153846153846154
acceptableness	0.38461538461538464	0.07692307692307693	0.5384615384615384
acceptably	0.38461538461538464	0.07692307692307693	0.5384615384615384
acceptance	0.6923076923076923	0.07692307692307693	0.23076923076923078
acceptances	0.46153846153846156	0.07692307692307693	0.46153846153846156
acceptant	0.5384615384615384	0.07692307692307693	0.38461538461538464
acceptation	0.3076923076923077	0.07692307692307693	0.6153846153846154
acceptations	0.3076923076923077	0.07692307692307693	0.6153846153846154
accepted	0.15384615384615385	0.07692307692307693	0.7692307692307693
accepting	0.46153846153846156	0.07692307692307693	0.46153846153846156
accepts	0.3076923076923077	0.07692307692307693	0.6153846153846154
accident	0.07692307692307693	0.6923076923076923	0.23076923076923078
accidental	0.07692307692307693	0.07692307692307693	0.8461538461538461
accidentally	0.07692307692307693	0.46153846153846156	0.46153846153846156
accidents	0.07692307692307693	0.3076923076923077	0.6153846153846154
accomplish	0.6153846153846154	0.07692307692307693	0.3076923076923077
accomplished	0.6923076923076923	0.07692307692307693	0.23076923076923078
accomplishes	0.5384615384615384	0.07692307692307693	0.38461538461538464
accusation	0.15384615384615385	0.3076923076923077	0.5384615384615384
accusations	0.15384615384615385	0.46153846153846156	0.38461538461538464
accuse	0.15384615384615385	0.38461538461538464	0.46153846153846156
accused	0.15384615384615385	0.5384615384615384	0.3076923076923077
accuses	0.07692307692307693	0.46153846153846156	0.46153846153846156
accusing	0.15384615384615385	0.23076923076923078	0.6153846153846154
ache	0.07692307692307693	0.5384615384615384	0.38461538461538464
ached	0.07692307692307693	0.5384615384615384	0.38461538461538464
aches	0.07692307692307693	0.23076923076923078	0.6923076923076923
achievable	0.3076923076923077	0.07692307692307693	0.6153846153846154
aching	0.07692307692307693	0.6923076923076923	0.23076923076923078
acquit	0.3076923076923077	0.15384615384615385	0.5384615384615384
acquits	0.15384615384615385	0.15384615384615385	0.6923076923076923
acquitted	0.3076923076923077	0.07692307692307693	0.6153846153846154
acquitting	0.3076923076923077	0.07692307692307693	0.6153846153846154
acrimonious	0.15384615384615385	0.6153846153846154	0.23076923076923078
active	0.38461538461538464	0.07692307692307693	0.5384615384615384
actively	0.46153846153846156	0.07692307692307693	0.46153846153846156
activeness	0.23076923076923078	0.07692307692307693	0.6923076923076923
activenesses	0.23076923076923078	0.07692307692307693	0.6923076923076923
actives	0.3076923076923077	0.07692307692307693	0.6153846153846154
adequate	0.23076923076923078	0.07692307692307693	0.6923076923076923
admirability	0.8461538461538461	0.07692307692307693	0.07692307692307693
admirable	0.8461538461538461	0.07692307692307693	0.07692307692307693
admirableness	0.6153846153846154	0.07692307692307693	0.3076923076923077
admirably	0.8461538461538461	0.07692307692307693	0.07692307692307693
admiral	0.46153846153846156	0.07692307692307693	0.46153846153846156
admirals	0.6153846153846154	0.07692307692307693	0.3076923076923077
admiralties	0.6153846153846154	0.07692307692307693	0.3076923076923077
admiralty	0.46153846153846156	0.07692307692307693	0.46153846153846156
admiration	0.6923076923076923	0.07692307692307693	0.23076923076923078
admirations	0.6153846153846154	0.07692307692307693	0.3076923076923077
admire	0.6153846153846154	0.07692307692307693	0.3076923076923077
admired	0.7692307692307693	0.07692307692307693	0.15384615384615385
admirer	0.5384615384615384	0.07692307692307693	0.38461538461538464
admirers	0.6923076923076923	0.07692307692307693	0.23076923076923078
admires	0.38461538461538464	0.07692307692307693	0.5384615384615384
admiring	0.38461538461538464	0.07692307692307693	0.5384615384615384
admiringly	0.7692307692307693	0.07692307692307693	0.15384615384615385
admit	0.3076923076923077	0.07692307692307693	0.6153846153846154
admits	0.46153846153846156	0.07692307692307693	0.46153846153846156
admitted	0.15384615384615385	0.07692307692307693	0.7692307692307693
admonished	0.07692307692307693	0.5384615384615384	0.38461538461538464
adopt	0.15384615384615385	0.07692307692307693	0.7692307692307693
adopts	0.15384615384615385	0.07692307692307693	0.7692307692307693
adorability	0.7692307692307693	0.07692307692307693	0.15384615384615385
adorable	0.7692307692307693	0.07692307692307693	0.15384615384615385
adorableness	0.7692307692307693	0.07692307692307693	0.15384615384615385
adorably	0.6923076923076923	0.07692307692307693	0.23076923076923078
adoration	0.8461538461538461	0.07692307692307693	0.07692307692307693
adorations	0.6153846153846154	0.07692307692307693	0.3076923076923077
adore	0.6923076923076923	0.07692307692307693	0.23076923076923078
adored	0.6153846153846154	0.07692307692307693	0.3076923076923077
adorer	0.46153846153846156	0.07692307692307693	0.46153846153846156
adorers	0.6923076923076923	0.07692307692307693	0.23076923076923078
adores	0.46153846153846156	0.07692307692307693	0.46153846153846156
adoring	0.7692307692307693	0.07692307692307693	0.15384615384615385
adoringly	0.6923076923076923	0.07692307692307693	0.23076923076923078
adorn	0.15384615384615385	0.07692307692307693	0.7692307692307693
adorned	0.3076923076923077	0.07692307692307693	0.6153846153846154
adorner	0.3076923076923077	0.07692307692307693	0.6153846153846154
adorners	0.3076923076923077	0.07692307692307693	0.6153846153846154
adorning	0.3076923076923077	0.07692307692307693	0.6153846153846154
adornment	0.3076923076923077	0.07692307692307693	0.6153846153846154
adornments	0.38461538461538464	0.07692307692307693	0.5384615384615384
adorns	0.3076923076923077	0.07692307692307693	0.6153846153846154
advanced	0.23076923076923078	0.07692307692307693	0.6923076923076923
advantage	0.23076923076923078	0.07692307692307693	0.6923076923076923
advantaged	0.46153846153846156	0.07692307692307693	0.46153846153846156
advantageous	0.5384615384615384	0.07692307692307693	0.38461538461538464
advantageously	0.6923076923076923	0.07692307692307693	0.23076923076923078
advantageousness	0.6923076923076923	0.15384615384615385	0.15384615384615385
advantages	0.46153846153846156	0.07692307692307693	0.46153846153846156
advantaging	0.46153846153846156	0.07692307692307693	0.46153846153846156
adventure	0.3076923076923077	0.07692307692307693	0.6153846153846154
adventured	0.3076923076923077	0.07692307692307693	0.6153846153846154
adventurer	0.3076923076923077	0.07692307692307693	0.6153846153846154
adventurers	0.23076923076923078	0.07692307692307693	0.6923076923076923
adventures	0.6153846153846154	0.15384615384615385	0.23076923076923078
adventuresome	0.5384615384615384	0.07692307692307693	0.38461538461538464
adventuresomeness	0.46153846153846156	0.07692307692307693	0.46153846153846156
adventuress	0.46153846153846156	0.15384615384615385	0.38461538461538464
adventuresses	0.46153846153846156	0.07692307692307693	0.46153846153846156
adventuring	0.6923076923076923	0.07692307692307693	0.23076923076923078
adventurism	0.5384615384615384	0.07692307692307693	0.38461538461538464
adventurist	0.38461538461538464	0.07692307692307693	0.5384615384615384
adventuristic	0.5384615384615384	0.07692307692307693	0.38461538461538464
adventurists	0.38461538461538464	0.07692307692307693	0.5384615384615384
adventurous	0.46153846153846156	0.07692307692307693	0.46153846153846156
adventurously	0.38461538461538464	0.07692307692307693	0.5384615384615384
adventurousness	0.6153846153846154	0.07692307692307693	0.3076923076923077
adversarial	0.07692307692307693	0.5384615384615384	0.38461538461538464
adversaries	0.07692307692307693	0.23076923076923078	0.6923076923076923
adversary	0.23076923076923078	0.46153846153846156	0.3076923076923077
adversative	0.07692307692307693	0.23076923076923078	0.6923076923076923
adversatively	0.15384615384615385	0.15384615384615385	0.6923076923076923
adversatives	0.07692307692307693	0.23076923076923078	0.6923076923076923
adverse	0.07692307692307693	0.46153846153846156	0.46153846153846156
adversely	0.23076923076923078	0.5384615384615384	0.23076923076923078
adverseness	0.23076923076923078	0.23076923076923078	0.5384615384615384
adversities	0.07692307692307693	0.5384615384615384	0.38461538461538464
adversity	0.07692307692307693	0.6153846153846154	0.3076923076923077
affected	0.15384615384615385	0.38461538461538464	0.46153846153846156
affection	0.7692307692307693	0.07692307692307693	0.15384615384615385
affectional	0.6923076923076923	0.07692307692307693	0.23076923076923078
affectionally	0.38461538461538464	0.07692307692307693	0.5384615384615384
affectionate	0.5384615384615384	0.07692307692307693	0.38461538461538464
affectionately	0.6923076923076923	0.07692307692307693	0.23076923076923078
affectioned	0.6923076923076923	0.07692307692307693	0.23076923076923078
affectionless	0.07692307692307693	0.7692307692307693	0.15384615384615385
affections	0.46153846153846156	0.07692307692307693	0.46153846153846156
afflicted	0.07692307692307693	0.5384615384615384	0.38461538461538464
affronted	0.3076923076923077	0.38461538461538464	0.3076923076923077
aggravate	0.07692307692307693	0.7692307692307693	0.15384615384615385
aggravated	0.07692307692307693	0.46153846153846156	0.46153846153846156
aggravates	0.07692307692307693	0.6923076923076923	0.23076923076923078
aggravating	0.07692307692307693	0.46153846153846156	0.46153846153846156
aggress	0.15384615384615385	0.5384615384615384	0.3076923076923077
aggressed	0.07692307692307693	0.38461538461538464	0.5384615384615384
aggresses	0.15384615384615385	0.23076923076923078	0.6153846153846154
aggressing	0.15384615384615385	0.3076923076923077	0.5384615384615384
